=======================
Ranking Method(RM)
0.ReliefFAttributeEval
1.ChiSquaredAttributeEval
2.SVMAttributeEval

Classification method(CM)
0.SMO
1.MultilayerPerceptron
2.Logistic
3.NaiveBayesMultinomial
4.IBk
=======================
85.91549295774648	0	0	36	
83.09859154929578	1	0	65	
83.09859154929578	2	0	20	
80.28169014084507	0	1	22	
83.09859154929578	1	1	18	
83.09859154929578	2	1	7	
81.69014084507042	0	2	13	
83.09859154929578	1	2	10	
85.91549295774648	2	2	20	
66.19718309859155	0	3	1	
66.19718309859155	1	3	1	
66.19718309859155	2	3	1	
77.46478873239437	0	4	19	
77.46478873239437	1	4	10	
84.50704225352112	2	4	7